Kazan  (1357,1297)  (1309,1253)  (1404,1345)  (1356,1345)  (1357,1249)  (1405,1255)  (1452,1303)  (1453,1255)
Poltava  (449,1168)  (496,1216)  (497,1157)
Amu Darya  (1428,2571)  (1380,2588)  (1380,2540)  (1475,2619)  (1428,2523)  (1476,2523)  (1476,2571)  (1427,2636)  (1370,2492)  (1517,2667)
Bashkir  (1604,1694)  (1556,1694)  (1651,1742)  (1603,1742)  (1555,1646)  (1603,1646)  (1652,1654)  (1699,1702)
Karaganda  (2294,2280)  (2246,2327)  (2246,2279)  (2341,2328)  (2294,2232)  (2342,2232)  (2342,2280)  (2244,2231)  (2293,2375)  (2245,2375)  (2198,2327)  (2198,2279)  (2389,2328)  (2389,2376)  (2341,2376)  (2292,2184)  (2340,2184)  (2388,2184)  (2390,2232)  (2390,2280)  (2196,2231)  (2219,2183)  (2293,2423)  (2245,2423)  (2437,2382)  (2389,2424)  (2341,2424)  (2280,2136)  (2328,2136)  (2376,2136)  (2148,2241)  (2443,2430)  (2424,2103)  (2317,2088)  (2365,2088)
Vitim  (4088,1516)  (4040,1563)  (4040,1515)  (4135,1564)  (4088,1468)  (4136,1468)  (4136,1516)  (4038,1467)  (4087,1611)  (4039,1611)  (3992,1520)  (4183,1564)  (4163,1612)  (4086,1420)  (4134,1420)  (4184,1432)  (4184,1480)  (4018,1419)  (3991,1637)  (4082,1659)  (4231,1528)  (4096,1372)  (4144,1372)  (4232,1463)
Tashkent  (1803,2752)  (1755,2799)  (1814,2800)  (1851,2722)  (1899,2687)  (1899,2735)
Navra  (798,536)
Yaroslavl  (1115,926)  (1140,878)  (1163,926)
Kurgan  (2099,1661)  (2051,1699)  (2051,1651)  (2147,1627)  (2147,1675)  (2003,1700)  (2003,1652)  (2195,1624)
Aktyubinsk  (1492,1928)  (1444,1975)  (1444,1927)  (1539,1976)  (1492,1880)  (1540,1880)  (1540,1928)  (1442,1879)  (1396,1940)  (1587,1976)  (1588,1860)  (1588,1908)  (1394,1892)  (1394,1844)  (1635,1956)  (1636,1845)  (1636,1893)  (1684,1926)
Zabaykalsky  (4023,1959)  (3975,2006)  (3975,1958)  (4070,2007)  (4023,1911)  (4071,1911)  (4071,1959)  (3973,1910)  (4022,2054)  (3974,2054)  (3927,2006)  (3927,1958)  (4118,2007)  (4118,2055)  (4070,2055)  (3926,2055)  (4021,1863)  (4069,1863)  (4117,1863)  (4119,1911)  (4119,1959)  (3961,1862)  (4022,2102)  (3974,2102)  (3879,2007)  (4166,2019)  (4166,2067)  (4118,2103)  (4070,2103)  (3926,2103)  (3878,2103)  (3878,2055)  (4009,1815)  (4057,1815)  (4105,1815)  (3961,1814)  (4170,2115)  (4022,2150)  (3974,2150)  (4119,2151)  (4071,2151)  (3830,2128)  (4009,1767)  (4057,1767)  (4105,1767)  (3947,1766)  (3782,2141)  (4078,1719)  (3946,1718)  (3734,2165)  (3690,2117)
Chita  (4273,1714)  (4225,1761)  (4225,1713)  (4320,1762)  (4273,1666)  (4321,1666)  (4321,1714)  (4223,1665)  (4272,1809)  (4224,1809)  (4351,1810)  (4271,1618)  (4319,1618)  (4367,1618)  (4369,1666)  (4175,1699)  (4415,1573)  (4303,1857)  (4255,1857)  (4374,1858)  (4320,1570)  (4417,1621)  (4417,1669)  (4326,1905)  (4278,1905)  (4230,1905)  (4374,1906)  (4465,1599)  (4465,1647)  (4326,1953)  (4278,1953)  (4230,1953)  (4337,2001)  (4289,2001)
Nenets  (1886,597)  (1838,644)  (1838,596)  (1933,645)  (1886,549)  (1934,549)  (1934,597)  (1836,548)  (1790,641)  (1981,645)  (1981,693)  (1982,543)  (1982,591)  (1788,593)  (2029,639)  (1741,479)  (2030,588)  (1740,631)  (1740,583)  (1739,535)  (1789,440)  (2078,588)
Bessarabia  (135,1135)  (137,1183)  (89,1188)  (151,1087)
Yakutia  (3650,1046)  (3602,1093)  (3602,1045)  (3697,1094)  (3650,998)  (3698,998)  (3698,1046)  (3600,997)  (3649,1141)  (3601,1141)  (3554,1093)  (3554,1045)  (3745,1094)  (3745,1142)  (3697,1142)  (3648,950)  (3696,950)  (3744,950)  (3746,998)  (3746,1046)  (3552,997)  (3552,949)  (3600,949)  (3649,1189)  (3601,1189)  (3793,1094)  (3793,1142)  (3755,1190)  (3707,1190)  (3648,902)  (3696,902)  (3744,902)  (3794,968)  (3794,1016)  (3504,1036)  (3504,988)  (3504,940)  (3570,901)  (3659,1237)  (3841,1064)  (3841,1112)  (3841,1160)  (3734,1238)  (3456,926)  (3686,1285)  (3889,1071)  (3889,1119)  (3937,1077)  (3937,1125)
Pskov  (782,678)  (829,726)  (781,726)  (745,630)  (830,637)  (826,774)  (778,774)
Kuban  (442,1767)  (489,1815)  (441,1815)  (447,1719)  (490,1767)  (495,1718)  (455,1863)  (543,1688)  (543,1736)
Tobolsk  (2497,1497)  (2449,1544)  (2449,1496)  (2544,1545)  (2497,1449)  (2545,1449)  (2545,1497)  (2447,1448)  (2496,1592)  (2448,1592)  (2495,1401)  (2593,1461)  (2438,1400)  (2486,1353)  (2498,1305)
Kharkov  (575,1294)  (622,1342)  (569,1246)  (573,1198)
Pinsk  (388,776)  (436,732)  (436,780)
Baku  (691,2321)  (658,2369)  (706,2273)
Nikolaystad  (919,221)  (956,269)  (908,269)  (911,173)  (967,175)  (1004,223)
Kamchatka  (5152,481)  (5104,528)  (5104,480)  (5199,529)  (5152,433)  (5200,433)  (5200,481)  (5102,432)  (5151,576)  (5247,529)  (5247,577)  (5199,577)  (5150,385)  (5198,385)  (5246,385)  (5248,433)  (5248,481)  (5054,449)  (5074,384)  (5295,573)  (5295,621)  (5247,625)  (5199,625)  (5122,337)  (5170,337)  (5296,484)  (5074,336)  (5325,669)  (5277,673)  (5056,288)  (5357,717)  (5309,721)  (5037,240)  (5033,192)
Kaluga  (766,1021)  (814,993)
Samara  (1347,1540)  (1299,1587)  (1299,1539)  (1394,1588)  (1347,1492)  (1395,1492)  (1395,1540)  (1251,1600)  (1251,1552)  (1442,1588)  (1393,1636)  (1355,1444)  (1403,1444)  (1443,1492)  (1443,1540)  (1451,1436)
Vitebsk  (661,773)  (709,767)  (709,815)
Yamal  (2274,726)  (2226,756)  (2226,708)  (2321,774)  (2274,678)  (2322,678)  (2322,726)  (2207,660)  (2178,761)  (2178,713)  (2369,774)  (2255,630)  (2303,630)  (2159,665)  (2403,822)  (2130,790)  (2130,742)  (2417,752)  (2254,582)  (2439,599)  (2451,800)  (2456,548)  (2457,647)  (2082,818)  (2082,770)  (2082,722)  (2465,737)  (2487,596)  (2496,500)  (2504,548)  (2505,644)  (2034,822)  (2034,774)  (2513,734)  (2544,456)  (1986,785)  (2158,361)  (2145,313)  (2281,168)  (2329,149)  (2377,116)  (2425,96)  (2473,94)  (2521,74)  (2578,64)
Grozny  (719,1975)  (766,2023)  (718,2023)  (733,1927)  (767,1975)
Uralskaya  (1326,2128)  (1278,2175)  (1278,2127)  (1373,2176)  (1326,2080)  (1374,2080)  (1374,2128)  (1276,2079)  (1325,2223)  (1277,2223)  (1230,2175)  (1230,2127)  (1421,2176)  (1324,2032)  (1372,2032)  (1422,2054)  (1422,2102)  (1469,2150)  (1470,2059)
Lena  (4333,1313)  (4285,1360)  (4285,1312)  (4380,1361)  (4333,1265)  (4381,1265)  (4381,1313)  (4283,1264)  (4332,1408)  (4284,1408)  (4237,1360)  (4237,1312)  (4428,1361)  (4428,1409)  (4380,1409)  (4331,1217)  (4379,1217)  (4427,1217)  (4429,1265)  (4429,1313)  (4247,1216)  (4475,1178)  (4332,1456)  (4435,1457)  (4387,1457)  (4295,1169)  (4343,1169)  (4391,1169)  (4477,1226)  (4477,1274)  (4237,1168)  (4339,1504)  (4440,1505)  (4392,1505)
Orenburg  (1479,1750)  (1431,1785)  (1526,1798)  (1442,1702)  (1490,1702)
Olonets  (1263,672)  (1215,703)  (1239,624)  (1311,675)  (1337,723)  (1373,771)  (1385,723)
Astrakhan  (918,1861)  (914,1909)  (938,1813)  (966,1880)
Pamir  (1926,3076)  (1878,3123)  (1878,3075)  (1973,3124)  (1926,3028)  (1974,3029)  (1876,3027)  (2021,3089)  (2021,3137)
Irkutsk  (3555,1926)  (3507,1973)  (3507,1925)  (3602,1974)  (3555,1878)  (3603,1878)  (3603,1926)  (3505,1877)  (3554,2021)  (3506,2021)  (3459,1973)  (3459,1925)  (3650,1974)  (3650,2022)  (3602,2022)  (3458,2022)  (3553,1830)  (3601,1830)  (3649,1830)  (3651,1878)  (3651,1926)  (3457,1877)  (3457,1829)  (3505,1829)  (3697,1809)  (3554,2069)  (3506,2069)  (3411,1974)  (3411,1926)  (3698,1974)  (3698,2022)  (3621,2070)  (3699,1857)  (3699,1905)  (3409,1878)  (3409,1830)  (3409,1782)  (3457,1781)  (3745,1791)  (3746,1953)  (3747,1839)  (3747,1887)  (3361,1858)  (3416,1733)  (3795,1810)  (3795,1858)
Lvov  (134,874)  (86,866)  (148,922)  (152,826)  (182,874)
Perm  (1653,1272)  (1605,1319)  (1605,1271)  (1700,1320)  (1653,1224)  (1701,1224)  (1701,1272)  (1603,1223)  (1557,1357)  (1557,1309)  (1748,1320)  (1743,1368)  (1695,1368)  (1651,1176)  (1699,1176)  (1747,1176)  (1749,1224)  (1749,1272)  (1555,1223)  (1700,1416)  (1797,1182)  (1797,1230)  (1797,1278)
Ashkhabad  (1165,2770)  (1117,2792)  (1195,2818)  (1197,2722)  (1213,2770)  (1245,2715)
Perovsk  (1562,2449)  (1514,2457)  (1514,2409)  (1610,2419)  (1653,2467)  (1658,2406)
Samarkand  (1699,2927)  (1651,2904)  (1746,2975)  (1698,2975)  (1699,2879)  (1747,2906)  (1627,2856)  (1794,2989)  (1728,3023)  (1644,2808)
Vyborg  (957,440)  (1005,430)
Germany  (44,440)  (91,488)  (43,488)  (0,392)  (48,392)  (92,440)  (96,388)  (139,488)  (139,536)  (91,536)  (43,536)  (0,344)  (48,344)  (140,436)  (96,340)  (144,340)  (144,388)  (187,484)  (187,532)  (187,580)  (139,584)  (91,584)  (43,584)  (0,296)  (48,296)  (188,436)  (96,292)  (144,292)  (192,296)  (192,344)  (231,628)  (235,484)  (235,532)  (235,580)  (183,632)  (135,632)  (87,632)  (39,632)  (0,248)  (48,248)  (236,392)  (96,244)  (144,244)  (240,313)  (192,216)  (283,440)  (283,488)  (283,536)  (283,584)  (197,680)  (149,680)  (101,680)  (53,680)  (5,680)
Komi-Permyak  (1912,1015)  (1864,1062)  (1864,1014)  (1959,1063)  (1912,967)  (1960,967)  (1960,1015)  (1911,1110)  (1863,1110)  (1816,1062)  (1815,1111)  (1888,919)  (1936,919)  (1984,919)  (2008,967)  (2008,1015)  (2032,895)  (1768,1063)  (1978,871)
Chernigov  (506,1059)  (458,1053)  (553,1107)  (554,1035)
Grodno  (347,674)  (299,711)  (395,658)
Blagoveshchensk  (4638,1628)  (4590,1646)  (4590,1598)  (4685,1676)  (4638,1580)  (4686,1580)  (4686,1628)  (4559,1550)  (4733,1676)  (4733,1724)  (4685,1724)  (4607,1532)  (4655,1532)  (4703,1532)  (4734,1590)  (4511,1549)  (4559,1502)  (4510,1501)  (4781,1638)  (4781,1686)  (4781,1734)  (4607,1484)  (4791,1782)  (4743,1782)  (4829,1637)  (4829,1685)  (4829,1733)  (4839,1781)  (4877,1658)  (4887,1776)
Yeniseysk  (3065,1417)  (3017,1464)  (3017,1416)  (3112,1465)  (3065,1369)  (3113,1369)  (3113,1417)  (3015,1368)  (3064,1512)  (3016,1512)  (2969,1464)  (2969,1416)  (3160,1465)  (3160,1513)  (3112,1513)  (3063,1321)  (3111,1321)  (3159,1321)  (3161,1369)  (3161,1417)  (2967,1368)  (2967,1320)  (3015,1320)  (3207,1283)  (3064,1560)  (2921,1469)  (2921,1421)  (3208,1465)  (3208,1513)  (3208,1561)  (3160,1561)  (3112,1561)  (3063,1273)  (3111,1273)  (3209,1331)  (3209,1379)  (2919,1373)  (2919,1325)  (2944,1272)  (2992,1272)  (3016,1576)  (3064,1608)  (3256,1427)  (3256,1475)  (3256,1523)  (2965,1224)  (3013,1224)
Primorskaya  (4832,1474)  (4784,1521)  (4784,1473)  (4879,1522)  (4880,1439)  (4782,1425)  (4831,1569)  (4927,1487)  (4927,1535)  (4879,1570)  (4928,1439)  (4734,1465)  (4734,1417)  (4782,1377)  (4726,1369)  (4975,1487)  (4976,1431)  (4686,1445)  (5023,1479)  (5071,1489)
Simbirsk  (1237,1382)  (1239,1334)  (1277,1430)  (1229,1430)  (1226,1286)
Podolia  (225,1034)  (253,1082)  (202,986)
Kalmyk  (784,1767)  (736,1770)  (831,1815)  (747,1719)  (795,1719)  (832,1767)  (783,1818)  (845,1863)  (880,1731)  (797,1866)
Scandinavia  (680,8)  (632,55)  (632,7)  (727,56)  (728,0)  (679,103)  (631,103)  (584,55)  (584,7)  (583,104)  (776,0)  (699,151)  (651,151)  (536,56)  (536,8)  (603,152)  (535,145)  (824,0)  (488,97)  (488,49)  (487,152)  (872,0)  (440,104)  (439,170)  (920,0)  (391,196)  (391,148)  (968,0)  (343,159)  (1016,0)  (1035,48)  (1064,0)  (1112,0)  (1160,0)  (1208,0)  (1256,0)  (1304,0)  (1352,0)  (1446,0)  (1494,0)
Arkhangelsk  (1426,576)  (1378,623)  (1378,575)  (1473,624)  (1474,566)  (1425,671)  (1330,583)  (1521,614)  (1521,662)  (1473,672)  (1522,566)  (1559,710)  (1562,518)  (1569,614)  (1569,662)  (1511,720)  (1463,720)  (1570,566)  (1610,504)  (1617,614)  (1617,662)  (1618,552)
Donbass  (574,1446)  (526,1487)  (622,1410)  (622,1458)  (670,1425)
Middle East  (80,2053)  (32,2100)  (32,2052)  (127,2101)  (80,2005)  (128,2005)  (128,2053)  (30,2004)  (79,2148)  (31,2148)  (175,2101)  (175,2149)  (127,2149)  (78,1957)  (126,1957)  (174,1957)  (176,2005)  (176,2053)  (0,1956)  (222,1945)  (79,2196)  (31,2196)  (223,2101)  (223,2149)  (223,2197)  (175,2197)  (127,2197)  (48,1909)  (96,1909)  (144,1909)  (224,1993)  (224,2041)  (0,1908)  (79,2244)  (31,2244)  (271,2089)  (271,2137)  (271,2185)  (271,2233)  (223,2245)  (175,2245)  (127,2245)  (48,1861)  (96,1861)  (272,1992)  (272,2040)  (0,1860)  (307,2281)  (79,2292)  (31,2292)  (319,2088)  (319,2136)  (319,2184)  (319,2232)
Erivan  (461,2180)  (491,2228)
Tyumen  (2182,1501)  (2134,1548)  (2134,1500)  (2229,1549)  (2182,1453)  (2230,1453)  (2230,1501)  (2132,1452)  (2086,1573)  (2086,1525)  (2227,1405)  (2278,1414)  (2278,1462)  (2278,1510)  (2038,1564)  (2038,1516)  (2326,1446)  (2326,1494)
Yakutsk  (4339,927)  (4291,974)  (4291,926)  (4386,975)  (4339,879)  (4387,879)  (4387,927)  (4289,878)  (4338,1022)  (4290,1022)  (4434,975)  (4434,1023)  (4386,1023)  (4242,1023)  (4337,831)  (4385,831)  (4433,831)  (4435,879)  (4435,927)  (4241,884)  (4241,836)  (4289,830)  (4203,788)  (4481,829)  (4338,1070)  (4290,1070)  (4482,975)  (4482,1023)  (4468,1071)  (4420,1071)  (4242,1071)  (4337,783)  (4385,783)  (4433,783)  (4483,877)  (4483,925)  (4251,782)  (4194,740)  (4531,886)
Vladikavkaz  (582,1953)  (629,2001)  (548,1905)
Dvinsk  (623,636)  (671,614)  (671,662)
Bukhara  (1463,2861)  (1415,2872)  (1415,2824)  (1510,2909)  (1463,2813)  (1511,2813)  (1511,2861)  (1462,2920)  (1400,2776)  (1558,2921)  (1510,2957)  (1448,2765)  (1496,2765)  (1570,2969)  (1400,2728)  (1615,3017)  (1567,3017)
Riga  (596,489)
Kostroma  (1262,1020)  (1214,1063)  (1214,1015)  (1309,1068)  (1262,972)  (1310,972)  (1310,1020)  (1166,1031)  (1358,965)  (1358,1013)  (1358,1061)
Skobelev  (1881,2899)  (1833,2932)  (1833,2884)  (1928,2947)  (1881,2851)  (1929,2852)  (1976,2932)
Kokand  (2106,2789)  (2058,2836)  (2058,2788)  (2153,2837)  (2106,2741)  (2154,2741)  (2154,2789)  (2056,2740)  (2105,2884)  (2057,2884)  (2010,2836)  (2010,2788)  (2201,2837)  (2201,2885)  (2153,2885)  (2104,2693)  (2152,2693)  (2202,2748)  (2008,2740)  (2008,2692)  (2056,2692)  (2249,2807)  (2249,2855)  (2153,2933)  (2104,2645)  (2008,2644)  (2297,2840)
Surgut  (2680,1230)  (2632,1277)  (2632,1229)  (2727,1278)  (2680,1182)  (2728,1182)  (2728,1230)  (2630,1181)  (2679,1325)  (2631,1325)  (2584,1277)  (2584,1229)  (2775,1278)  (2775,1326)  (2727,1326)  (2583,1326)  (2678,1134)  (2726,1134)  (2774,1134)  (2776,1182)  (2776,1230)  (2582,1181)  (2582,1133)  (2630,1133)  (2822,1088)  (2679,1373)  (2631,1373)  (2536,1237)  (2823,1278)  (2823,1326)  (2814,1374)  (2766,1374)  (2824,1136)  (2824,1184)  (2534,1187)  (2534,1139)  (2646,1421)  (2871,1232)  (2872,1151)
Kotlas  (1507,866)  (1459,913)  (1459,865)  (1554,914)  (1507,818)  (1555,818)  (1555,866)  (1602,914)  (1603,838)
Mozyr  (448,902)  (400,882)  (493,950)  (496,889)
Murmansk  (1541,241)  (1493,288)  (1493,240)  (1588,289)  (1541,193)  (1589,193)  (1589,241)  (1491,192)  (1540,336)  (1627,337)  (1539,145)  (1443,177)  (1491,144)  (1579,384)  (1539,97)  (1462,96)
Syr Darya  (1696,2608)  (1648,2655)  (1648,2607)  (1743,2656)  (1696,2560)  (1744,2560)  (1744,2608)  (1646,2559)  (1695,2703)  (1647,2703)  (1600,2655)  (1600,2607)  (1791,2656)  (1599,2704)  (1714,2512)  (1762,2512)  (1792,2560)  (1792,2608)  (1598,2559)  (1600,2752)  (1741,2464)  (1840,2532)  (1840,2580)  (1840,2628)  (1888,2573)  (1936,2581)
Verkhoyansk  (4339,378)  (4291,425)  (4291,377)  (4386,426)  (4339,330)  (4387,330)  (4387,378)  (4289,329)  (4338,473)  (4290,473)  (4243,425)  (4243,377)  (4434,426)  (4434,474)  (4386,474)  (4242,474)  (4337,282)  (4385,282)  (4433,282)  (4435,330)  (4435,378)  (4241,329)  (4241,281)  (4289,281)  (4481,236)  (4338,521)  (4290,521)  (4195,426)  (4195,378)  (4482,426)  (4469,522)  (4421,522)  (4242,522)  (4194,522)  (4194,474)  (4337,234)  (4385,234)  (4433,234)  (4483,284)  (4483,332)  (4193,330)  (4193,282)  (4203,233)  (4251,233)  (4481,188)  (4529,193)  (4373,569)  (4325,569)  (4147,426)  (4147,378)  (4530,380)
Kirensk  (3693,1626)  (3645,1673)  (3645,1625)  (3740,1674)  (3693,1578)  (3741,1578)  (3741,1626)  (3643,1577)  (3692,1721)  (3644,1721)  (3597,1673)  (3597,1625)  (3788,1674)  (3788,1722)  (3740,1722)  (3596,1722)  (3691,1530)  (3739,1530)  (3787,1530)  (3789,1578)  (3789,1626)  (3595,1577)  (3835,1510)  (3549,1674)  (3549,1626)  (3836,1674)  (3836,1722)  (3548,1748)  (3837,1558)  (3837,1606)  (3883,1510)  (3501,1700)  (3501,1652)  (3501,1604)  (3884,1654)  (3885,1558)  (3885,1606)  (3453,1676)  (3453,1628)  (3933,1524)  (3933,1572)  (3933,1620)
Stanovoy  (4673,1142)  (4625,1189)  (4625,1141)  (4720,1190)  (4673,1094)  (4721,1094)  (4721,1142)  (4623,1093)  (4672,1237)  (4624,1237)  (4577,1187)  (4768,1190)  (4768,1238)  (4720,1238)  (4671,1046)  (4719,1046)  (4767,1046)  (4769,1094)  (4769,1142)  (4575,1139)  (4575,1091)  (4623,1045)  (4573,1043)  (4576,1279)  (4672,1285)  (4624,1285)  (4747,1286)  (4671,998)  (4719,998)  (4767,998)  (4817,1051)  (4817,1099)  (4527,1134)  (4621,997)  (4567,995)  (4528,1326)  (4576,1327)  (4636,1333)  (4669,950)  (4717,950)  (4765,950)  (4615,949)  (4528,1374)  (4588,1375)
Chukotka  (4758,75)  (4710,122)  (4710,74)  (4805,123)  (4758,27)  (4806,27)  (4806,75)  (4708,26)  (4757,170)  (4709,170)  (4662,122)  (4662,74)  (4853,123)  (4812,171)  (4661,171)  (4854,0)  (4854,48)  (4660,26)  (4764,218)  (4716,218)  (4614,123)  (4614,75)  (4901,96)  (4901,144)  (4668,219)  (4613,197)  (4902,0)  (4902,48)  (4612,27)  (4801,266)  (4753,266)  (4566,135)  (4566,87)  (4949,96)  (4705,267)  (4950,0)  (4950,48)  (4564,39)  (4997,96)  (4998,0)  (4998,48)  (4516,6)  (5045,96)  (5046,0)  (5046,48)  (5093,96)  (5094,41)
Minsk  (524,792)  (572,766)
Verny  (2330,2637)  (2282,2684)  (2282,2636)  (2377,2685)  (2330,2589)  (2378,2589)  (2378,2637)  (2280,2588)  (2329,2732)  (2281,2732)  (2425,2685)  (2425,2733)  (2377,2733)  (2426,2550)  (2426,2598)  (2232,2624)  (2232,2576)  (2280,2540)  (2220,2528)  (2466,2501)  (2438,2781)  (2390,2781)  (2342,2781)  (2474,2549)  (2474,2597)  (2172,2564)  (2503,2453)  (2514,2501)  (2416,2829)  (2368,2829)  (2522,2549)  (2522,2597)  (2562,2458)  (2570,2506)  (2570,2554)  (2570,2602)  (2618,2483)
Novonikolaevsk  (2507,1853)  (2459,1900)  (2459,1852)  (2554,1901)  (2507,1805)  (2555,1805)  (2555,1853)  (2457,1804)  (2506,1948)  (2458,1948)  (2602,1901)  (2562,1949)  (2410,1949)  (2505,1757)  (2553,1757)  (2601,1757)  (2603,1805)  (2603,1853)  (2514,1996)  (2466,1996)  (2468,1709)  (2516,1709)  (2651,1793)  (2651,1841)  (2651,1889)  (2699,1802)
Khiva  (1256,2582)  (1303,2630)  (1255,2630)  (1257,2534)  (1304,2582)  (1305,2533)  (1344,2678)  (1273,2485)  (1310,2437)
British Empire  (1666,3176)  (1618,3192)  (1618,3144)  (1666,3128)  (1714,3128)  (1714,3176)  (1570,3192)  (1570,3144)  (1762,3092)  (1762,3140)  (1762,3188)  (1538,3096)  (1522,3192)  (1522,3144)  (1810,3184)  (1490,3096)  (1474,3192)  (1474,3144)  (1858,3182)  (1466,3048)  (1442,3096)  (1426,3192)  (1426,3144)  (1906,3190)  (1418,3048)  (1394,3096)  (1378,3192)  (1378,3144)  (1346,3096)  (1330,3192)  (1330,3144)  (1298,3096)  (2048,3036)  (1282,3192)  (1282,3144)  (2068,3191)  (2073,2988)  (2079,3084)  (2083,3132)  (2096,3036)  (1234,3192)  (1234,3144)  (2116,3180)  (2127,3084)  (2131,3132)  (2144,2989)  (2164,3180)  (2175,3037)  (2179,3085)  (2192,2984)  (2212,3133)  (2212,3181)
Kazalinsk  (1649,2327)  (1601,2353)  (1601,2305)  (1697,2297)  (1697,2345)  (1553,2331)  (1745,2310)  (1745,2358)
Vologda  (1263,821)  (1215,851)  (1215,803)  (1310,869)  (1263,773)  (1311,818)  (1358,866)
Stavropol  (622,1806)  (669,1854)  (610,1758)  (658,1758)
Moskva  (945,1002)  (897,973)  (975,1050)
Bryansk  (654,1042)
Zhitomir  (310,959)  (358,940)
Penza  (1071,1359)  (1023,1370)  (1109,1311)  (1119,1359)  (1129,1407)
Okhotsk  (4617,644)  (4569,691)  (4569,643)  (4664,692)  (4617,596)  (4665,596)  (4665,644)  (4567,595)  (4616,739)  (4568,739)  (4521,691)  (4521,643)  (4712,692)  (4712,740)  (4664,740)  (4615,548)  (4663,548)  (4711,548)  (4519,595)  (4524,547)  (4759,502)  (4616,787)  (4568,787)  (4760,697)  (4760,745)  (4712,788)  (4664,788)  (4572,500)  (4620,500)  (4668,500)  (4765,793)  (4716,454)  (4764,454)  (4616,835)  (4808,737)  (4717,836)  (4669,836)  (4615,452)  (4663,452)  (4812,449)  (4813,785)  (4805,841)  (4711,406)  (4759,406)  (4746,884)  (4646,404)  (4807,401)  (4694,358)  (4742,358)  (4790,353)
Mansi  (2024,1235)  (1976,1282)  (1976,1234)  (2071,1283)  (2024,1187)  (2072,1187)  (2072,1235)  (1974,1186)  (1928,1285)  (1928,1237)  (2119,1283)  (2119,1331)  (2022,1139)  (2070,1139)  (2118,1139)  (2120,1187)  (2120,1235)  (1880,1278)  (2167,1314)  (2104,1379)
Zaporozhia  (402,1414)  (354,1418)  (448,1462)  (450,1388)
Estonia  (704,410)
Kurland  (507,413)  (555,390)
Uralsk  (1245,1715)  (1197,1737)  (1197,1689)  (1292,1763)  (1245,1667)  (1293,1667)  (1293,1715)  (1149,1716)  (1340,1763)  (1311,1811)  (1341,1700)
Saratov  (982,1467)  (934,1466)  (1023,1515)  (975,1515)  (1030,1444)  (1078,1455)
Batum  (447,1969)  (495,1937)
Fort Aleksandrovsk  (1045,2205)  (997,2235)  (997,2187)  (1062,2253)  (1045,2157)  (1093,2157)  (1093,2205)  (1141,2207)
Yenisey  (2834,827)  (2786,874)  (2786,826)  (2881,875)  (2834,779)  (2882,779)  (2882,827)  (2784,778)  (2833,922)  (2785,922)  (2738,849)  (2929,875)  (2929,923)  (2881,923)  (2832,731)  (2930,766)  (2930,814)  (2736,801)  (2736,753)  (2784,730)  (2711,705)  (2833,970)  (2977,862)  (2899,971)  (2978,767)  (2759,682)  (2663,686)  (2711,657)  (2644,638)  (2842,1018)  (3025,815)  (3026,765)  (2759,634)  (2692,609)  (2639,590)  (3073,813)  (2755,586)  (2803,555)  (2755,538)
Minusinsk  (3119,1957)  (3071,2004)  (3071,1956)  (3166,2005)  (3119,1909)  (3167,1909)  (3167,1957)  (3069,1908)  (3118,2052)  (3070,2052)  (3023,2004)  (3023,1956)  (3214,2005)  (3194,2053)  (3215,1866)  (3215,1914)  (3021,1908)  (3021,1860)  (3146,2100)  (3098,2100)  (3050,2100)  (2975,1969)  (3262,1962)  (3263,1854)  (3263,1902)  (2973,1921)  (2973,1873)  (3310,1950)
Guryev  (1204,1927)  (1156,1974)  (1156,1926)  (1251,1975)  (1204,1879)  (1252,1879)  (1252,1927)  (1156,1878)  (1299,1975)  (1204,1831)  (1300,1871)  (1300,1919)
Vladivostok  (5173,1959)  (5125,2006)  (5220,2007)  (5181,1911)  (5221,1959)  (5229,1903)  (5172,2054)  (5237,2055)  (5269,1951)  (5246,1855)  (5277,1903)  (5294,1838)  (5189,2102)  (5183,2150)
Kiev  (323,1075)  (370,1123)  (371,1028)
Smolensk  (738,898)  (711,946)  (768,850)  (786,898)  (834,936)
Ust Urt  (1134,2375)  (1086,2422)  (1086,2374)  (1181,2423)  (1134,2327)  (1182,2327)  (1182,2375)  (1084,2326)  (1230,2293)  (1230,2341)  (1230,2389)  (1036,2329)  (1278,2315)
Rovno  (266,840)  (314,860)
Khanty  (2365,1211)  (2317,1258)  (2317,1210)  (2412,1259)  (2365,1163)  (2413,1163)  (2413,1211)  (2315,1162)  (2364,1306)  (2316,1306)  (2269,1258)  (2269,1210)  (2419,1307)  (2268,1307)  (2431,1115)  (2461,1163)  (2461,1211)  (2267,1162)  (2335,1114)  (2479,1099)  (2371,1354)  (2323,1354)  (2221,1259)  (2221,1211)  (2219,1163)
Odessa  (250,1216)  (202,1244)  (202,1196)  (298,1199)  (346,1206)
Uleaborg  (1222,193)  (1174,240)  (1174,192)  (1228,241)  (1234,145)  (1270,193)  (1282,133)  (1180,288)  (1126,261)  (1126,213)  (1256,85)  (1304,85)  (1330,133)  (1352,64)  (1078,196)  (1378,112)  (1400,54)
Vilno  (512,680)  (480,632)  (560,689)
Helsingfors  (808,317)  (802,269)
Turukhansk  (3169,1060)  (3121,1107)  (3121,1059)  (3216,1108)  (3169,1012)  (3217,1012)  (3217,1060)  (3119,1011)  (3168,1155)  (3120,1155)  (3073,1107)  (3073,1059)  (3264,1108)  (3264,1156)  (3216,1156)  (3072,1156)  (3167,964)  (3215,964)  (3263,964)  (3265,1012)  (3265,1060)  (3071,1011)  (3071,963)  (3119,963)  (3311,918)  (3168,1203)  (3025,1108)  (3025,1060)  (3312,1108)  (3312,1156)  (3279,1204)  (3231,1204)  (3024,1161)  (3167,916)  (3215,916)  (3263,916)  (3313,966)  (3313,1014)  (3023,1012)  (3023,964)  (3032,915)  (3080,915)  (3359,911)  (2977,1113)  (2977,1065)  (3360,1062)  (3360,1110)  (2976,1162)  (3165,868)  (3213,868)  (3261,868)  (3361,959)  (3361,1007)
Dagestan  (681,2132)  (718,2180)
Olyokminsk  (3922,1283)  (3874,1330)  (3874,1282)  (3969,1331)  (3922,1235)  (3970,1235)  (3970,1283)  (3872,1234)  (3921,1378)  (3873,1378)  (3826,1330)  (3826,1282)  (4017,1331)  (3825,1379)  (3985,1187)  (4018,1235)  (4018,1283)  (3824,1234)  (4033,1172)  (3944,1426)  (3896,1426)  (3778,1331)  (3848,1427)  (3800,1427)  (3777,1379)  (4066,1220)  (4066,1268)  (4039,1124)  (4081,1172)  (4087,1118)  (3729,1400)  (4114,1220)  (4114,1268)  (4129,1166)  (4135,1098)  (4162,1214)  (4177,1146)
Manchuria  (4774,2187)  (4726,2234)  (4726,2186)  (4821,2235)  (4774,2139)  (4822,2139)  (4822,2187)  (4724,2138)  (4773,2282)  (4725,2282)  (4678,2234)  (4678,2186)  (4869,2235)  (4869,2283)  (4821,2283)  (4677,2283)  (4772,2091)  (4820,2091)  (4868,2091)  (4870,2139)  (4870,2187)  (4676,2138)  (4676,2090)  (4724,2090)  (4916,2045)  (4773,2330)  (4725,2330)  (4630,2235)  (4630,2187)  (4917,2235)  (4917,2283)  (4917,2331)  (4869,2331)  (4821,2331)  (4677,2331)  (4629,2331)  (4629,2283)  (4772,2043)  (4820,2043)  (4868,2043)  (4918,2093)  (4918,2141)  (4628,2139)  (4628,2091)  (4628,2043)  (4676,2042)  (4724,2042)  (4916,1997)  (4964,1997)  (4964,2045)  (4773,2378)  (4725,2378)  (4582,2235)  (4582,2187)
Vilyuysk  (3995,891)  (3947,938)  (3947,890)  (4042,939)  (3995,843)  (4043,843)  (4043,891)  (3945,842)  (3994,986)  (3946,986)  (3899,938)  (3899,890)  (4090,939)  (4090,987)  (4042,987)  (3898,987)  (3993,795)  (4041,795)  (4089,795)  (4091,843)  (4091,891)  (3897,842)  (3897,794)  (3945,794)  (3994,1034)  (3851,934)  (4138,939)  (4138,987)  (4138,1035)  (4090,1035)  (4042,1035)  (3993,747)  (4041,747)  (4139,809)  (4139,857)  (3849,886)  (3901,746)  (4186,931)  (4186,979)
Volsk  (1134,1556)  (1086,1598)  (1154,1604)  (1138,1508)  (1182,1556)  (1186,1504)
Barnaul  (2751,2002)  (2703,2049)  (2703,2001)  (2798,2050)  (2751,1954)  (2799,1954)  (2799,2002)  (2701,1953)  (2750,2097)  (2702,2097)  (2655,2049)  (2655,2001)  (2846,2050)  (2846,2098)  (2798,2098)  (2654,2097)  (2749,1906)  (2797,1906)  (2845,1906)  (2847,1954)  (2847,2002)  (2893,1860)  (2607,2049)  (2894,2050)  (2894,2098)  (2894,2146)  (2753,1858)  (2801,1858)  (2895,1959)  (2849,1812)  (2897,1812)  (2942,2076)  (2942,2124)  (2945,1795)
Tambov  (907,1305)  (859,1296)  (954,1353)  (906,1353)  (955,1282)  (849,1248)  (1003,1261)
Ekaterinoslav  (443,1300)  (491,1283)  (491,1331)  (524,1379)
Petropavlovsk  (2162,1889)  (2114,1936)  (2114,1888)  (2209,1937)  (2162,1841)  (2210,1844)  (2112,1840)  (2066,1934)  (2257,1892)  (2257,1940)  (2209,1985)  (2160,1793)  (2064,1886)  (2064,1838)  (2112,1792)  (2260,1988)  (2062,1790)  (2305,1881)  (2305,1929)  (2016,1918)  (2308,1977)  (2356,2006)
Petrograd  (907,565)  (955,574)
Voronezh  (759,1383)  (711,1360)  (781,1431)  (759,1335)  (807,1339)  (829,1389)
Akmolinsk  (2029,2090)  (1981,2137)  (1981,2089)  (2076,2138)  (2029,2042)  (2077,2042)  (2077,2090)  (1979,2041)  (1933,2161)  (1933,2113)  (2124,2138)  (2027,1994)  (2125,2039)  (2125,2087)  (1931,2065)  (1968,1993)  (2173,2050)  (2173,2098)  (1883,2050)  (2221,2048)
Komi-Ziryan  (1787,822)  (1739,869)  (1739,821)  (1834,870)  (1787,774)  (1835,774)  (1835,822)  (1737,773)  (1786,917)  (1738,917)  (1691,823)  (1785,726)  (1833,726)  (1883,727)  (1883,775)  (1883,823)  (1689,775)  (1689,727)  (1737,725)  (1690,936)  (1783,965)  (1931,796)  (1641,781)
Kazakh  (1975,2376)  (1927,2423)  (1927,2375)  (2022,2424)  (1975,2328)  (2023,2328)  (2023,2376)  (1925,2327)  (1974,2471)  (1926,2471)  (1879,2423)  (1879,2375)  (2070,2424)  (2070,2472)  (2022,2472)  (1878,2472)  (1973,2280)  (2021,2280)  (2069,2280)  (2071,2328)  (2071,2376)  (1877,2327)  (1877,2279)  (1925,2279)  (1974,2519)  (2118,2424)  (2062,2520)  (1830,2460)  (2028,2232)  (2119,2362)  (1893,2231)  (1941,2231)  (2166,2413)  (2070,2568)  (2022,2568)
Petrozavodsk  (1123,526)  (1145,574)  (1171,485)  (1097,605)  (1143,653)
Turgay  (1704,2131)  (1656,2178)  (1656,2130)  (1751,2179)  (1704,2083)  (1752,2083)  (1752,2131)  (1654,2082)  (1703,2226)  (1608,2215)  (1608,2167)  (1799,2179)  (1799,2227)  (1751,2227)  (1702,2035)  (1750,2035)  (1798,2035)  (1800,2083)  (1800,2131)  (1606,2119)  (1606,2071)  (1654,2034)  (1702,1987)  (1848,2123)  (1848,2171)
Beryozov  (2199,966)  (2151,1013)  (2151,965)  (2246,1014)  (2199,918)  (2247,918)  (2247,966)  (2149,917)  (2198,1061)  (2103,1047)  (2103,999)  (2294,1014)  (2294,1062)  (2246,1062)  (2197,870)  (2245,870)  (2293,870)  (2295,918)  (2295,966)  (2123,869)  (2341,863)  (2201,822)
Chelyabinsk  (1842,1617)  (1794,1664)  (1794,1616)  (1889,1665)  (1842,1569)  (1890,1569)  (1890,1617)  (1792,1568)  (1746,1630)  (1938,1565)  (1938,1613)
Vladimir  (1058,1078)  (1104,1126)  (1056,1126)  (1035,1030)  (1083,1030)  (1106,1078)
Nizhniy Novgorod  (1144,1196)  (1096,1237)  (1172,1244)  (1173,1148)  (1192,1196)  (1221,1138)  (1240,1186)
Vyatka  (1498,1088)  (1450,1135)  (1450,1087)  (1545,1136)  (1498,1040)  (1546,1040)  (1546,1088)  (1468,1183)  (1420,1183)  (1402,1135)  (1587,992)  (1594,1040)  (1594,1088)  (1635,985)  (1354,1165)  (1642,1033)  (1642,1081)
Kholm  (193,759)
Tungus  (3457,1387)  (3409,1434)  (3409,1386)  (3504,1435)  (3457,1339)  (3505,1339)  (3505,1387)  (3407,1338)  (3456,1482)  (3408,1482)  (3361,1434)  (3361,1386)  (3552,1435)  (3552,1483)  (3504,1483)  (3360,1483)  (3455,1291)  (3503,1291)  (3551,1291)  (3553,1339)  (3553,1387)  (3359,1338)  (3359,1290)  (3407,1290)  (3456,1530)  (3408,1530)  (3600,1435)  (3600,1483)  (3522,1531)  (3360,1531)  (3455,1243)  (3503,1243)  (3601,1335)  (3601,1383)  (3311,1372)  (3311,1324)  (3311,1276)  (3359,1242)  (3407,1242)  (3648,1431)  (3455,1195)  (3503,1195)  (3649,1346)
Ekaterinburg  (1896,1432)  (1848,1479)  (1848,1431)  (1943,1480)  (1896,1384)  (1944,1384)  (1944,1432)  (1846,1383)  (1800,1459)  (1992,1369)  (1992,1417)  (1798,1411)  (1867,1335)  (2040,1396)
Krim  (218,1463)  (266,1452)
Khabarovsk  (5119,1656)  (5071,1703)  (5071,1655)  (5166,1704)  (5119,1608)  (5167,1608)  (5167,1656)  (5069,1607)  (5118,1751)  (5023,1714)  (5023,1666)  (5214,1704)  (5214,1752)  (5166,1752)  (5117,1560)  (5165,1560)  (5215,1573)  (5215,1621)  (5021,1618)  (5001,1762)  (5118,1799)  (4975,1714)  (4975,1666)  (5262,1678)  (5262,1726)  (5200,1800)  (5125,1512)  (4973,1618)  (5152,1847)
Nikolaevsk  (4995,1319)  (4947,1363)  (4947,1315)  (5042,1367)  (4995,1271)  (5043,1271)  (5043,1319)  (4899,1382)  (4899,1334)  (5090,1367)  (5090,1415)  (5019,1223)  (5091,1305)  (4851,1345)  (4851,1297)
Ryazan  (936,1165)  (951,1213)  (964,1117)  (984,1165)
Ekaterinodar  (413,1638)  (461,1624)
Tiflis  (528,2065)  (480,2055)  (576,2080)
Archeda  (828,1529)  (826,1577)  (829,1481)  (876,1529)
Orel  (740,1127)  (768,1175)
Ufa  (1600,1507)  (1552,1551)  (1552,1503)  (1647,1555)  (1600,1459)  (1648,1466)  (1547,1455)  (1695,1514)  (1599,1411)
Livland  (677,507)  (689,555)  (725,489)
Karelia  (1267,357)  (1219,404)  (1314,405)  (1257,309)  (1305,309)  (1315,357)  (1353,271)  (1266,452)  (1330,453)  (1363,319)  (1360,223)  (1287,501)
Bukey  (1046,1839)  (1093,1887)  (1045,1887)  (1029,1791)  (1077,1791)  (1094,1839)  (1125,1774)
China  (3327,2884)  (3279,2931)  (3279,2883)  (3374,2932)  (3327,2836)  (3375,2836)  (3375,2884)  (3277,2835)  (3326,2979)  (3278,2979)  (3231,2931)  (3231,2883)  (3422,2932)  (3422,2980)  (3374,2980)  (3230,2980)  (3325,2788)  (3373,2788)  (3421,2788)  (3423,2836)  (3423,2884)  (3229,2835)  (3229,2787)  (3277,2787)  (3469,2742)  (3326,3027)  (3278,3027)  (3183,2932)  (3183,2884)  (3470,2932)  (3470,2980)  (3470,3028)  (3422,3028)  (3374,3028)  (3230,3028)  (3182,3028)  (3182,2980)  (3325,2740)  (3373,2740)  (3421,2740)  (3471,2790)  (3471,2838)  (3181,2836)  (3181,2788)  (3181,2740)  (3229,2739)  (3277,2739)  (3469,2694)  (3517,2694)  (3517,2742)  (3326,3075)  (3278,3075)  (3135,2932)  (3135,2884)
Kursk  (667,1219)  (714,1267)  (666,1267)  (637,1171)  (685,1171)
Kherson  (283,1327)  (331,1309)
Merv  (1264,2934)  (1216,2981)  (1216,2933)  (1311,2982)  (1264,2886)  (1312,2886)  (1312,2934)  (1214,2885)  (1263,3029)  (1215,3029)  (1359,2982)  (1337,3030)  (1262,2838)  (1310,2838)  (1360,2915)  (1216,3077)  (1407,2979)  (1316,2790)
Belotsarsk  (3238,2153)  (3190,2192)  (3242,2105)  (3286,2153)  (3290,2101)  (3304,2201)  (3142,2192)  (3334,2149)  (3286,2053)  (3334,2053)  (3338,2101)  (3352,2197)  (3094,2217)  (3382,2149)  (3386,2074)  (3088,2169)  (3400,2197)  (3046,2247)  (3430,2126)  (3040,2199)  (3448,2174)  (3496,2141)
Tomsk  (2762,1602)  (2714,1649)  (2714,1601)  (2809,1650)  (2762,1554)  (2810,1554)  (2810,1602)  (2712,1553)  (2761,1697)  (2713,1697)  (2666,1649)  (2666,1601)  (2857,1650)  (2857,1698)  (2809,1698)  (2665,1698)  (2760,1506)  (2808,1506)  (2858,1516)  (2858,1564)  (2664,1553)  (2668,1505)  (2761,1745)  (2713,1745)  (2618,1650)  (2618,1602)  (2905,1612)  (2905,1660)  (2905,1708)  (2811,1746)  (2719,1458)  (2767,1458)  (2815,1458)  (2906,1524)  (2570,1646)  (2953,1667)
Rostov  (560,1581)  (608,1540)
Novocherkassk  (673,1604)  (704,1652)  (674,1556)  (721,1604)  (722,1555)  (683,1507)  (731,1507)
Novgorod  (959,711)  (911,749)  (911,701)  (1006,759)  (1007,668)  (922,653)  (1054,716)  (1054,764)  (1055,660)  (1102,722)  (1102,770)  (1115,818)
Romania  (0,1029)  (39,1077)  (0,981)  (48,981)  (48,1029)  (75,1125)  (27,1125)  (0,933)  (48,933)  (96,992)  (96,1040)  (10,1173)  (0,885)  (2,1221)  (0,837)
Way too cold  (3476,640)  (3428,687)  (3428,639)  (3523,688)  (3476,592)  (3524,592)  (3524,640)  (3426,591)  (3475,735)  (3427,735)  (3380,687)  (3380,639)  (3571,688)  (3571,736)  (3523,736)  (3379,736)  (3474,544)  (3522,544)  (3570,544)  (3572,592)  (3572,640)  (3378,591)  (3378,543)  (3426,543)  (3618,498)  (3475,783)  (3427,783)  (3332,688)  (3332,640)  (3619,688)  (3619,736)  (3619,784)  (3571,784)  (3523,784)  (3379,784)  (3331,784)  (3331,736)  (3474,496)  (3522,496)  (3570,496)  (3620,546)  (3620,594)  (3330,592)  (3330,544)  (3330,496)  (3618,450)  (3666,450)  (3666,498)  (3475,831)  (3427,831)  (3284,688)  (3284,640)
Kovno  (483,534)  (459,486)  (531,526)  (531,574)  (579,572)
Persia  (622,2934)  (574,2981)  (574,2933)  (669,2982)  (622,2886)  (670,2886)  (670,2934)  (572,2885)  (621,3029)  (573,3029)  (526,2981)  (526,2933)  (717,2982)  (717,3030)  (669,3030)  (525,3030)  (620,2838)  (668,2838)  (716,2838)  (718,2886)  (718,2934)  (524,2885)  (524,2837)  (572,2837)  (764,2792)  (621,3077)  (573,3077)  (478,2982)  (478,2934)  (765,2982)  (765,3030)  (765,3078)  (717,3078)  (669,3078)  (525,3078)  (477,3078)  (477,3030)  (620,2790)  (668,2790)  (716,2790)  (766,2840)  (766,2888)  (476,2886)  (476,2838)  (476,2790)  (524,2789)  (572,2789)  (812,2770)  (621,3125)  (573,3125)  (430,2982)  (430,2934)
Elisapetpol  (572,2256)  (584,2304)  (568,2208)  (620,2227)
Tver  (933,850)  (885,883)  (885,835)  (980,898)  (981,826)  (1029,834)
Transkaspia  (1087,2614)  (1039,2661)  (1134,2662)  (1093,2566)  (1135,2614)  (1141,2560)  (1058,2709)  (1183,2608)  (1189,2515)
Kustanay  (1836,1840)  (1788,1887)  (1788,1839)  (1883,1888)  (1836,1792)  (1884,1792)  (1884,1840)  (1786,1791)  (1835,1935)  (1787,1935)  (1740,1887)  (1740,1839)  (1931,1888)  (1923,1936)  (1932,1748)  (1932,1796)  (1738,1791)  (1770,1743)  (1875,1983)  (1980,1756)
Krasnoyarsk  (3165,1735)  (3117,1782)  (3117,1734)  (3212,1783)  (3165,1687)  (3213,1687)  (3213,1735)  (3115,1686)  (3069,1809)  (3069,1761)  (3260,1783)  (3261,1656)  (3261,1704)  (3067,1713)  (3289,1608)  (3021,1796)  (3308,1752)  (3309,1656)  (3309,1704)  (3019,1748)  (3357,1625)  (3357,1673)
Kuopio  (1040,345)  (992,367)  (1087,393)  (1066,297)  (1088,345)  (944,354)  (1135,393)
Tula  (834,1109)  (882,1096)
Tsaritsyn  (943,1648)  (895,1670)  (895,1622)  (990,1696)  (948,1600)  (991,1648)  (1038,1696)  (1039,1647)
Ob  (2556,977)  (2508,1024)  (2508,976)  (2603,1025)  (2556,929)  (2604,929)  (2604,977)  (2460,1036)  (2460,988)  (2460,940)  (2651,1025)  (2576,881)  (2624,881)  (2652,929)  (2652,977)  (2672,881)  (2412,1060)  (2412,1012)  (2412,964)  (2699,1025)  (2603,833)  (2700,929)  (2700,977)  (2747,1025)  (2610,785)
Omsk  (2314,1708)  (2266,1755)  (2266,1707)  (2361,1756)  (2314,1660)  (2362,1660)  (2362,1708)  (2313,1803)  (2374,1804)  (2292,1612)  (2340,1612)  (2410,1647)  (2410,1695)
Semipalatinsk  (2664,2299)  (2616,2346)  (2616,2298)  (2711,2347)  (2664,2251)  (2712,2251)  (2712,2299)  (2614,2250)  (2663,2394)  (2615,2394)  (2568,2346)  (2568,2298)  (2759,2347)  (2759,2395)  (2711,2395)  (2567,2395)  (2662,2203)  (2710,2203)  (2758,2203)  (2760,2251)  (2760,2299)  (2566,2250)  (2566,2202)  (2614,2202)  (2806,2199)  (2520,2347)  (2520,2299)  (2807,2347)  (2787,2443)  (2739,2443)  (2691,2443)  (2808,2247)  (2808,2295)  (2518,2251)  (2518,2203)  (2518,2155)  (2566,2154)  (2855,2343)  (2759,2491)  (2488,2107)  (2856,2231)  (2856,2279)  (2470,2246)  (2470,2198)  (2904,2227)  (2904,2275)  (2904,2323)  (2952,2215)  (2952,2263)
Krasnovodsk  (964,2523)  (991,2571)  (936,2475)  (1012,2501)  (943,2594)  (976,2642)  (928,2652)  (981,2690)  (904,2700)
Mogilev  (591,911)  (614,959)  (566,959)  (592,863)  (639,911)  (640,862)